0	file:/home/nlp/mallet-2.0.8/mydata/Untitled%20Document%204~	0.2380952380952381	0.380952380952381	0.380952380952381
1	file:/home/nlp/mallet-2.0.8/mydata/Untitled%20Document%206~	0.2380952380952381	0.5238095238095238	0.2380952380952381
2	file:/home/nlp/mallet-2.0.8/mydata/election	0.6437908496732027	0.3202614379084967	0.03594771241830066
3	file:/home/nlp/mallet-2.0.8/mydata/car	0.06367041198501873	0.8951310861423222	0.04119850187265918
4	file:/home/nlp/mallet-2.0.8/mydata/football	0.11369509043927647	0.7881136950904393	0.09819121447028423
5	file:/home/nlp/mallet-2.0.8/mydata/cricket	0.9435897435897437	0.012820512820512822	0.043589743589743594
6	file:/home/nlp/mallet-2.0.8/mydata/dhoni	0.018998272884283247	0.018998272884283247	0.9620034542314334
7	file:/home/nlp/mallet-2.0.8/mydata/Untitled%20Document%202~	0.5238095238095238	0.2380952380952381	0.2380952380952381
8	file:/home/nlp/mallet-2.0.8/mydata/Untitled%20Document%203~	0.5238095238095238	0.2380952380952381	0.2380952380952381
9	file:/home/nlp/mallet-2.0.8/mydata/Untitled%20Document%205~	0.2380952380952381	0.2380952380952381	0.5238095238095238
10	file:/home/nlp/mallet-2.0.8/mydata/politics	0.7119341563786008	0.16872427983539093	0.11934156378600823
11	file:/home/nlp/mallet-2.0.8/mydata/Untitled%20Document~	0.380952380952381	0.2380952380952381	0.380952380952381
